удивительный [0, 19, 22, 27, 43, 68, 87, 91]
энциклопедия [0, 9, 10, 21, 22, 23, 79, 83]
ребёнок [0, 2, 3, 5, 7, 8, 10, 11, 12, 13, 14, 15, 16, 17, 18, 19, 21, 22, 23, 24, 25, 26, 28, 29, 30, 31, 33, 38, 39, 41, 43, 44, 45, 46, 47, 48, 49, 51, 54, 55, 56, 58, 63, 66, 67, 68, 70, 71, 73, 74, 75, 77, 78, 79, 80, 81, 83, 84, 86, 89, 93, 94, 96, 98, 99, 100, 103]
ням-нь [0]
кто [0, 9, 22, 27, 45, 47, 69, 79, 97]
есть [0, 14, 18, 22, 31, 47, 76, 79, 81, 93]
формат [0, 2, 3, 39, 50, 56, 83, 95]
книжка-панорамка [0]
книжки-панорамок [0]
книжки-панорамка [0]
книжка-панорамок [0]
невероятный [0, 43, 45, 69]
объёмный [0]
иллюстрация [0, 6, 10, 12, 14, 27, 28, 42, 68, 76, 88, 98, 101]
данный [0, 18, 51, 66]
дать [0, 8, 18, 51, 66, 67, 75, 78, 93, 103]
издание [0, 2, 3, 9, 19, 22, 27, 56, 90, 102]
картинка [0, 21, 31, 48, 67, 76, 83, 88, 94, 97]
разворачиваться [0]
градус [0]
создавать [0, 77, 88, 102]
ощущение [0, 19]
дополнить [0, 6]
реальность [0]
каждый [0, 2, 3, 7, 15, 23, 32, 39, 48, 54, 56, 66, 67, 69, 82, 90, 98, 100]
разворот [0, 80]
настоящий [0, 7, 10, 57, 76, 79, 99, 101]
декорация [0]
уникальный [0, 9, 10, 12, 17, 28]
форма [0, 14, 21, 24, 30, 31, 55, 73, 81, 99]
полезный [0, 17, 25, 26, 29, 33, 55, 79]
информация [0, 2, 3, 8, 39, 63, 66, 75]
ещё [0, 4, 21, 24, 45, 48, 62, 68]
интересный [0, 10, 12, 17, 21, 23, 25, 26, 30, 31, 33, 38, 39, 44, 55, 62, 66, 76, 83, 89, 93]
факт [0, 10, 12, 39, 45, 66, 76, 91]
животное [0, 2, 15, 23, 31, 77, 90, 91]
животный [0, 2, 15, 23, 31, 77, 90, 91]
который [0, 5, 6, 8, 9, 11, 13, 14, 16, 17, 18, 19, 22, 24, 25, 26, 27, 28, 30, 31, 33, 43, 47, 48, 49, 51, 52, 58, 63, 67, 68, 73, 76, 77, 79, 80, 82, 87, 88, 91, 93, 94, 99, 102, 103]
яркий [0, 10, 12, 31, 42, 76, 77]
ярко [0]
наглядно [0]
наглядный [0]
познакомить [0, 21, 38, 56, 77]
малыш [0, 2, 14, 15, 21, 23, 24, 39, 41, 48, 55, 56, 67, 77, 80, 86, 93, 94, 96, 98, 100]
мир [0, 1, 6, 9, 20, 21, 22, 25, 26, 27, 29, 33, 34, 35, 38, 45, 59, 73, 81, 82, 91, 102]
миро [0, 1, 6, 9, 20, 21, 22, 25, 26, 27, 29, 33, 34, 35, 38, 45, 59, 73, 81, 82, 91, 102]
особый [0, 16, 58]
контрастный [0, 94]
печать [0, 10, 12]
делать [0, 5, 24, 47, 52, 63, 66, 67, 70, 74, 81]
максимальный [0, 30, 44, 78, 103]
максимально [0, 30, 44, 78]
насыщенный [0]
насытить [0]
реалистичный [0]
книга [0, 1, 2, 3, 5, 6, 7, 8, 9, 10, 12, 14, 16, 17, 19, 20, 21, 22, 27, 28, 29, 34, 35, 38, 39, 43, 45, 46, 47, 50, 52, 57, 58, 59, 63, 67, 68, 71, 73, 74, 75, 76, 77, 78, 79, 80, 81, 82, 83, 86, 87, 88, 89, 90, 92, 95, 98, 100, 102]
композиция [0]
порадовать [0]
свой [0, 4, 5, 6, 7, 11, 13, 17, 24, 25, 26, 27, 29, 31, 32, 33, 38, 47, 55, 62, 63, 71, 82, 84, 89, 90, 93, 98]
книжка [0, 48, 55, 94]
его [0, 7, 9, 14, 19, 21, 23, 24, 25, 26, 27, 33, 34, 38, 41, 43, 46, 51, 52, 68, 71, 78, 79, 84, 86, 87, 88, 89]
он [0, 2, 4, 7, 9, 10, 12, 14, 16, 18, 19, 21, 23, 24, 25, 26, 27, 29, 32, 33, 34, 38, 41, 43, 44, 46, 48, 51, 52, 58, 62, 66, 68, 69, 71, 73, 74, 76, 77, 78, 79, 80, 83, 84, 86, 87, 88, 89, 93, 98, 103]
оно [0, 2, 7, 9, 14, 16, 18, 19, 21, 23, 24, 25, 26, 27, 29, 32, 33, 34, 38, 41, 43, 46, 48, 51, 52, 58, 68, 69, 71, 73, 76, 77, 78, 79, 80, 83, 84, 86, 87, 88, 89, 93, 103]
удивить [0]
набор [1, 15, 31, 48, 56, 94, 97]
развитие [1, 3, 8, 13, 14, 21, 25, 26, 30, 33, 38, 42, 48, 49, 51, 54, 56, 67, 73, 75, 77, 78, 81, 83, 86, 89, 90, 93, 94, 103]
речь [1, 2, 3, 13, 14, 15, 39, 48, 49, 55, 67, 73, 77, 81, 86, 89, 93]
познание [1]
окружающее [1, 21, 25, 26, 33, 38, 73, 81]
окружать [1, 21, 25, 26, 33, 38, 73, 81]
окружающий [1, 21, 25, 26, 33, 38, 73, 81]
состоять [1, 15, 22]
три [1, 2, 13, 14, 49, 79, 93]
развивать [1, 11, 21, 25, 26, 33, 38, 39, 66, 78, 81, 83, 86, 89, 98, 103]
карточка [1, 15, 31, 54, 97]
начинать [1, 15, 94, 96]
говорить [1, 7, 15, 17, 19, 47, 48, 58, 74, 99]
мой [1, 17, 47]
первое [1, 23, 38, 41, 44, 48, 56, 67, 94, 100, 102]
первый [1, 15, 21, 23, 38, 41, 44, 48, 50, 56, 57, 67, 94, 95, 100, 102]
слово [1, 10, 12, 14, 15, 31, 38, 44, 45, 48, 56]
пластилин [2, 3, 39, 90, 100]
шамиль [2, 3, 8, 11, 39, 51, 75]
ахмадуллин [2, 3, 8, 11, 39, 51, 75]
автор [2, 8, 9, 13, 18, 19, 39, 54, 74, 78, 89]
бестселлер [2, 28, 39, 75]
скорочтение [2, 8, 39, 75]
один [2, 3, 8, 9, 25, 26, 28, 32, 33, 39, 43, 56, 69, 75, 84, 87, 94, 98]
хороший [2, 3, 4, 8, 22, 24, 29, 39, 44, 51, 54, 63, 68, 75, 76, 91, 103]
пособие [2, 13, 21, 38, 39, 49, 51, 67, 78, 81, 86, 89, 90, 93]
лепка [2, 3, 39, 90, 100]
фигурка [2, 3, 39, 100]
лёт [2, 8, 11, 13, 14, 18, 21, 38, 45, 47, 50, 51, 58, 63, 66, 73, 77, 78, 79, 80, 81, 82, 83, 89, 93, 95, 98, 100]
год [2, 8, 11, 13, 14, 18, 21, 38, 41, 45, 47, 50, 51, 54, 55, 58, 63, 66, 67, 68, 73, 77, 78, 79, 80, 81, 82, 83, 86, 89, 93, 95, 98, 100]
процесс [2, 3, 13, 19, 30, 39, 44, 47, 49, 74, 94]
улучшаться [2, 3, 39]
мелкий [2, 3, 11, 39, 42, 56, 86, 90, 93, 96]
моторика [2, 3, 11, 39, 42, 56, 86, 90, 93, 96]
память [2, 3, 8, 11, 39, 75, 83, 86]
внимание [2, 3, 8, 11, 39, 51, 56, 73, 74, 75, 81, 83, 86, 93, 103]
мыслительный [2, 3, 39]
способность [2, 3, 39, 78, 93]
активация [2, 3, 39]
работа [2, 3, 13, 25, 26, 33, 39, 49, 52, 90, 93]
мозг [2, 3, 22, 39, 46, 52, 54, 66, 67, 76, 90, 98, 103]
происходить [2, 3, 17, 24, 32, 39, 76]
игровой [2, 3, 11, 30, 39, 44, 48, 73, 81]
позволять [2, 3, 39, 82]
активный [2, 3, 15, 39]
усваивать [2, 3, 39, 55]
подойти [2, 19, 39, 93]
младший [2, 32, 75]
школьник [2, 28, 75, 100]
построить [2, 14, 39, 70]
принцип [2, 39]
простой [2, 6, 10, 11, 12, 25, 26, 33, 39, 44]
сложный [2, 17, 24, 25, 26, 29, 30, 33, 39, 44, 63, 93, 102]
позволить [2, 11, 13, 28, 39, 56]
слепить [2, 39, 100]
красивый [2, 3, 11, 30, 39, 44, 48, 100]
гордиться [2, 3, 39, 100]
результат [2, 3, 8, 15, 39, 70, 100, 103]
изучить [2, 9, 31]
время [2, 7, 9, 10, 11, 12, 25, 26, 28, 31, 33, 70, 71, 77, 79, 80, 90, 93, 98, 102, 103]
старший [2, 39, 63]
познакомиться [2, 76, 80]
материк [2]
обитать [2, 9]
они [2, 7, 8, 10, 12, 16, 17, 19, 25, 26, 29, 31, 32, 33, 38, 47, 52, 58, 66, 68, 76, 78, 82, 83, 86, 87, 88, 89, 98, 100, 101, 102, 103]
приятный [2, 24]
бонус [2, 3]
стать [2, 3, 4, 10, 12, 20, 21, 23, 43, 59, 69, 71, 86, 92, 98, 100, 102]
подробный [2, 3, 28, 46, 67, 100]
видеоурок [2]
доступ [2]
вы [2, 5, 8, 11, 12, 14, 18, 19, 22, 28, 29, 31, 46, 48, 52, 63, 67, 68, 71, 75, 77, 80, 94, 100]
смочь [2, 3, 11, 18, 29, 43, 66, 67, 89, 100]
получить [2, 3, 9, 23, 38, 66, 70, 100]
навести [2]
камера [2]
qr-кода [2, 67]
qr-код [2, 67]
расположить [2, 73, 81]
школа [3, 34, 38, 39, 41, 42, 44, 47, 55, 56, 73, 75, 92, 102]
самый [3, 4, 7, 8, 9, 10, 12, 18, 19, 20, 28, 35, 43, 45, 48, 51, 52, 59, 62, 63, 67, 71, 74, 75, 76, 88, 91, 93, 98, 100, 102]
большой [3, 22, 27, 28, 45, 52, 58, 66, 79, 84, 87, 100]
больший [3, 27, 87, 100]
занятие [3, 8, 15, 21, 25, 26, 30, 33, 44, 48, 56, 67, 70, 75, 78, 81, 90, 93, 103]
включать [3, 39, 57, 67, 81]
себя [3, 5, 7, 15, 16, 17, 22, 24, 29, 34, 39, 51, 56, 58, 81, 84, 92]
инструкция [3, 39, 67, 90, 100]
создание [3]
более [3, 5, 8, 10, 11, 12, 13, 18, 22, 28, 29, 43, 62, 63, 75, 77, 80, 82, 100, 102]
любая [3, 8, 11, 67, 75]
люба [3, 8, 11, 75]
любой [3, 7, 8, 10, 11, 12, 67, 69, 71, 75, 82]
вкус [3, 90]
тематический [3, 76, 77, 80]
раздел [3, 5, 67, 100]
раздеть [3]
милый [3, 4, 91]
конец [3, 43, 69, 76]
научиться [3, 5, 8, 29, 30, 38, 52, 66, 67, 70, 71, 75, 89, 93, 96, 100]
лепить [3, 100]
света [3, 100]
свет [3, 100]
фрукт [3, 31, 100]
овощ [3, 31, 100]
принцесса [3, 83, 100]
супергерой [3]
динозавр [3, 100]
независимо [3, 100]
независимый [3, 100]
возраст [3, 10, 13, 15, 20, 24, 25, 26, 33, 35, 38, 41, 59, 63, 75, 78, 79, 86, 89, 96, 98, 100]
навык [3, 8, 24, 30, 38, 44, 47, 48, 51, 55, 66, 67, 73, 75, 78, 93, 96, 100]
создать [3, 10, 12, 14, 28, 48, 51, 57, 67, 86, 97, 103]
удовольствие [3, 25, 26, 30, 33, 43, 44, 100]
новый [4, 19, 25, 26, 29, 33, 38, 41, 47, 55, 62, 82, 83, 88, 89, 100]
иронический [4]
детектив [4]
юный [4, 34]
сыщик [4]
рыжий [4]
пушистый [4]
страус [4]
домашний [4, 11, 47, 71, 77, 91]
кот [4]
известный [4, 18, 43, 88, 94]
двор [4]
манер [4, 88]
манера [4, 88]
любовь [4, 17, 74, 90]
классический [4, 13, 49, 88]
музыка [4]
пропадать [4]
медальон [4]
любить [4, 9, 28, 47, 77, 80, 98, 101, 102]
любимый [4, 98, 101, 102]
бабушка [4, 88, 98]
угроза [4]
секрет [4, 22, 76, 99]
котлета [4]
решаться [4]
отчаянный [4]
шаг [4]
прощать [4]
беспечный [4]
жизнь [4, 6, 8, 19, 27, 41, 52, 55, 57, 62, 63, 67, 71, 74, 75, 76, 77, 78, 79, 80, 82, 86, 94]
впереди [4]
великое [4]
великий [4]
расследование [4]
мочь [4, 9, 25, 26, 33, 47, 58, 63, 69, 76, 80, 82, 102]
пригодиться [4]
узнать [5, 9, 17, 23, 24, 25, 26, 31, 33, 52, 71, 84]
узнавать [5, 17, 23, 31, 32, 52, 71, 84]
научить [5, 8, 21, 24, 25, 26, 29, 30, 33, 44, 51, 52, 71, 75, 86, 93]
пользоваться [5, 93]
возможность [5, 7, 38, 41, 67, 86]
интеллект [5, 41, 54, 78, 89]
выходить [5, 29, 88]
рамка [5, 47]
стандартный [5]
мышление [5, 8, 11, 39, 51, 55, 56, 66, 78, 103]
тренировочный [5]
задача [5, 25, 26, 33, 38, 46, 52, 70]
заниматься [5, 41, 66, 67, 70, 71]
весь [5, 6, 9, 10, 11, 20, 35, 42, 59, 66, 70, 73, 74, 78, 82, 87, 101, 103]
всего [5, 9, 11, 66, 70, 73, 87, 103]
час [5]
день [5, 7, 8, 10, 11, 12, 27, 32, 51, 66, 70, 71, 73, 75, 87, 92, 103]
деть [5, 7, 11, 23, 27, 32, 51, 66, 70, 73, 75, 87, 92, 103]
помочь [5, 6, 8, 10, 11, 12, 14, 21, 22, 23, 25, 26, 29, 30, 31, 33, 38, 51, 52, 63, 67, 73, 76, 77, 78, 80, 82, 84, 86, 88, 90, 91, 93, 94, 96]
внимательный [5, 67]
внимательно [5, 67]
изучать [5]
условие [5, 11]
задание [5, 23, 25, 26, 30, 33, 38, 42, 44, 48, 56, 71, 73, 75, 81, 83, 86, 93, 96, 97]
приём [5]
логика [5, 56, 73, 81, 86, 89]
логик [5, 56, 73, 81, 86, 89]
строить [5]
логический [5, 51]
цепочка [5]
рассуждение [5]
самостоятельный [5, 19, 24, 55, 63]
вывод [5, 66]
подарить [5, 6, 51, 67, 71, 84]
радость [5, 6, 68, 71, 82]
обучение [5, 8, 13, 21, 24, 30, 38, 42, 44, 51, 54, 56, 71, 73, 75, 78, 86, 89, 90]
проявить [5]
сверстник [5, 54]
применять [5]
знание [5, 19, 23, 38, 48, 67, 73, 76]
знать [6, 7, 17, 18, 38, 45, 47, 58, 63, 76, 78, 86, 87, 89]
знаешь [6, 76]
ты [6, 9, 76]
дорога [6, 7, 56, 80, 92]
дорогой [6, 21, 84, 92]
читатель [6, 9, 20, 35, 59, 82, 88]
такой [6, 10, 12, 14, 16, 23, 32, 39, 45, 47, 58, 63, 90, 91, 98, 101]
простоять [6]
замечательный [6, 56, 86, 90, 98, 101]
игра [6, 15, 21, 24, 25, 26, 31, 33, 39, 42, 82, 89, 97, 103]
быть [6, 14, 18, 22, 25, 26, 28, 29, 30, 31, 33, 47, 48, 66, 67, 68, 69, 73, 79, 81, 82, 83, 84, 86, 87, 88, 92, 93, 98, 103]
суть [6, 41]
очень [6, 16, 25, 26, 31, 33, 55, 58, 66, 68, 84, 94, 103]
всегда [6, 17, 87, 101]
радоваться [6, 82]
какой [6, 16, 22, 24, 45, 58, 62, 87, 103]
беда [6]
невзгода [6]
обрушиваться [6]
поступать [6, 98]
девочка [6, 17, 19, 50, 63, 83, 95]
имя [6, 28, 34, 83]
поллианна [6, 82]
оптимизм [6, 68]
она [6, 7, 13, 17, 28, 31, 43, 45, 49, 54, 63, 67, 73, 77, 80, 81, 82, 89, 92]
удаваться [6]
свершать [6]
маленькая [6, 83, 87, 88, 93, 98]
маленький [6, 68, 83, 87, 88, 93, 98]
важный [6, 8, 16, 21, 25, 26, 31, 33, 45, 47, 52, 57, 58, 66, 67, 75, 93]
подвиг [6]
растопить [6]
сердце [6, 76]
устроить [6, 16, 58, 76]
судьба [6]
суровый [6]
тётушка [6]
полли [6]
полль [6]
потерянный [6]
потерять [6]
смысл [6, 52, 82]
угрюмый [6]
мужчина [6]
джон [6, 57]
пендлтонуть [6]
пендлтон [6]
мальчику-сирота [6]
мальчик-сирота [6]
джимми [6]
бин [6]
котёнок [6]
улица [6, 62]
готовый [6, 18, 48, 71]
поделиться [6, 18]
душевный [6]
тёплый [6]
тепло [6]
поэтому [6]
роман [6, 34]
романа [6]
американский [6, 82, 94]
писательница [6, 34, 82]
элинор [6, 82]
портер [6, 82]
полюбиться [6]
этот [6, 7, 8, 9, 10, 14, 16, 17, 19, 21, 23, 24, 27, 28, 29, 30, 38, 44, 47, 51, 52, 56, 58, 66, 67, 68, 70, 71, 74, 76, 78, 79, 81, 82, 86, 87, 88, 89, 90, 91, 93, 94, 98, 100, 102, 103]
история [6, 7, 9, 10, 12, 18, 19, 20, 23, 28, 35, 43, 57, 59, 99, 101, 102]
художница [6]
аня [6, 92]
ани [6, 92]
доброчасовый [6, 92]
доброчасовой [6, 92]
доброчасов [6, 92]
доброчасова [6, 92]
помогать [6, 9, 25, 26, 33, 48]
погрузиться [6, 43]
чудесный [6, 14, 88, 101]
атмосфера [6]
говорят [7, 48]
сильный [7, 58, 69]
снегопад [7]
небо [7, 102]
нёбо [7, 102]
бел [7]
белый [7, 94]
кон [7]
конь [7]
скакать [7]
облачный [7]
всадник [7]
каус [7]
красное [7]
красный [7, 76, 94]
костюм [7]
развеваться [7]
плащ [7]
служить [7]
королева [7]
королёв [7]
заколдовать [7]
заколдованный [7]
остров [7, 68]
файолеана [7]
уютный [7]
практичный [7]
городок [7, 68]
гайстун [7]
гайстуна [7]
никто [7]
верить [7, 9]
почти [7]
почесть [7]
почтить [7]
эльт [7]
её [7, 28, 43, 45, 63, 67, 81, 82, 89, 92]
школьный [7, 10, 12, 13, 28, 47, 71]
товарищ [7]
яник [7]
яника [7]
однажды [7, 43, 62, 68]
видеть [7, 27, 76, 94]
кауса [7]
лавка [7, 43]
отец [7, 74]
устраиваться [7]
слуга [7]
загадочный [7]
юноша [7]
эймер [7]
эймера [7]
эймереть [7]
находить [7, 25, 26, 33, 70]
сказка [7, 83, 84, 88]
становиться [7, 11, 29, 55, 98]
герой [7, 43, 100, 101, 102]
прожить [7]
совсем [7, 24, 48]
сам [7, 19, 21, 28, 43, 45, 48, 52, 62, 63, 74, 76, 87, 92, 102]
прочитать [7, 8, 75, 82]
дело [7, 19, 23, 52, 63]
только [7, 9, 17, 31, 41, 48, 87, 90, 92, 94]
испытание [7, 102]
опасность [7, 74, 102]
живой [7, 31, 88]
тенить [7]
тень [7]
встреча [7, 102]
беласко [7]
напугать [7]
главное [7, 8, 25, 26, 33, 67, 74, 75, 100]
главный [7, 8, 25, 26, 33, 67, 74, 75, 100]
суметь [7, 43]
найти [7, 9, 11, 29, 31, 46, 77, 80, 82, 92, 94, 97, 100, 101]
множество [7, 24, 38, 45, 76, 78, 81, 86, 89]
единственный [7]
заранее [7]
закончиться [7]
шесть [7]
часть [7, 14, 15]
верность [7]
себе [7, 17, 84, 92]
дружба [7, 68]
том [7, 18, 19, 38, 46, 52, 55, 68, 71, 74, 78, 82, 86, 89, 102]
тот [7, 9, 17, 18, 19, 38, 46, 52, 54, 55, 62, 68, 71, 74, 78, 79, 82, 86, 89, 92]
тома [7, 18, 19, 38, 46, 52, 55, 68, 71, 74, 78, 82, 86, 89, 102]
мы [7, 10, 11, 16, 25, 26, 29, 30, 33, 44, 47, 52, 58, 66, 67, 77, 80, 91]
выбирать [7]
увлечь [7, 23]
отпустить [7]
взрослый [7, 8, 10, 12, 14, 15, 22, 28, 43, 58, 75, 99]
чтение [8, 13, 24, 30, 73, 75, 82, 83]
базовый [8]
навыкнуть [8, 24, 30, 44, 93]
зависеть [8]
успеваемость [8, 11, 75]
большинство [8, 19, 22, 58]
предмет [8, 15, 21, 31, 89, 98]
быстрый [8, 11, 24, 30, 31, 44, 51, 54, 71, 75, 89, 103]
быстро [8, 11, 30, 44, 51, 71, 75, 89, 103]
читать [8, 14, 20, 24, 30, 35, 38, 43, 48, 59, 75, 77, 79, 82, 92]
лучше [8, 24, 29, 39, 54, 75, 91]
понимать [8, 21, 25, 26, 33, 47, 52, 75]
это [8, 14, 19, 21, 24, 38, 52, 67, 70, 74, 78, 82, 86, 87, 89, 98, 102, 103]
средний [8]
ученик [8]
прохождение [8]
тренинг [8, 11, 70, 75]
увеличение [8]
скорость [8, 11]
учёт [8]
понимание [8, 29]
раз [8, 28, 75, 77, 80, 98]
продать [8]
общий [8, 13, 22, 29, 70]
тираж [8, 13, 22, 43]
экземпляр [8, 10, 12, 13, 22, 43]
сотня [8]
тысяча [8, 10, 11, 12, 18, 28]
родитель [8, 10, 11, 12, 17, 19, 21, 23, 24, 25, 26, 29, 33, 38, 45, 48, 51, 58, 63, 71, 73, 78, 79, 81, 84, 86, 88, 89, 103]
улучшить [8, 11]
их [8, 10, 12, 16, 17, 19, 31, 38, 47, 58, 66, 78, 82, 87, 89, 98]
почитать [8]
отзыв [8, 11]
здесь [8, 46, 87, 97, 100]
минутный [8, 75]
ваш [8, 10, 18, 21, 28, 31, 41, 48, 50, 51, 55, 63, 66, 67, 71, 73, 75, 77, 80, 84, 93, 95, 98, 100]
запоминать [8, 25, 26, 33, 39, 67, 75]
пересказывать [8, 75]
заложить [8, 75]
веко [8, 43, 75]
век [8, 43, 75]
усвоение [8, 75]
текстовый [8, 75]
текстовой [8, 75]
огромный [8, 10, 12, 45, 75, 103]
преимущество [8, 75]
упражнение [8, 11, 51, 66, 71, 73, 89, 103]
напрвленый [8]
напрвить [8]
напрвлен [8]
напрвлена [8]
техника [8, 29, 80]
техник [8, 29, 80]
психолог [8, 19, 22, 86]
педагог [8, 19, 73, 81, 86]
физик [8, 75]
физика [8, 75]
разработчик [8, 75]
методика [8, 54, 75, 78, 94]
эффективный [8, 30, 66, 71, 75]
популярный [9, 10, 18, 28, 94, 97]
подростковый [9, 63]
проект [9, 10, 12, 28]
основа [9, 21, 57, 66, 67]
культовый [9, 20, 59]
мультсериал [9]
гравитя [9]
фолзти [9]
дневник [9]
фигурировать [9]
сериал [9]
являться [9, 21, 22, 28, 41, 57]
ключевой [9]
сюжет [9, 34, 68, 93]
теперь [9, 11, 28, 38, 55, 78, 86, 89]
может [9, 47, 69, 82]
собственный [9, 77]
рука [9, 42, 56, 76, 81, 89, 90, 96]
корка [9]
можно [9, 14, 15, 41, 54, 84, 87, 90, 103]
таинственный [9, 68]
существо [9, 91, 100]
описание [9, 39]
локация [9]
секретный [9, 22]
сведение [9, 19]
противостоять [9]
мистический [9]
обитатель [9, 77, 91]
другой [9, 17, 21, 23, 25, 26, 32, 33, 47, 52, 56, 70, 71, 77, 83, 90, 94, 102]
измерение [9]
схема [9]
устройство [9]
путешествовать [9, 87]
временить [9, 10, 12, 28, 71, 79, 103]
выша [9]
высоко [9]
выше [9]
перечисленный [9]
перечислить [9]
приключение [9, 27, 34, 43, 68, 87, 88, 92, 101]
брат [9]
дядя [9]
стэн [9]
знаменитый [9, 43, 68]
путешественник [9, 62]
оценить [9, 38]
фанат [9]
анимационный [9]
тайна [9, 45]
тайный [9, 34, 35, 45]
полный [9, 34, 66, 81, 88, 92]
полон [9]
загадка [9, 77, 91]
россия [10, 12, 22, 28]
наш [10, 11, 12, 14, 21, 25, 26, 28, 33, 45, 47, 63, 66, 88]
серия [10, 25, 26, 31, 33, 34, 45, 55, 82, 92]
подарочный [10, 50, 95]
ярка [10, 12]
фактурный [10, 12]
обложка [10, 12, 50, 56, 95]
плотный [10, 12, 93, 94]
тонировать [10, 12]
бумага [10, 12, 83, 93, 96]
количество [10, 12, 94, 103]
отличный [10, 12, 28, 50, 70, 90, 93, 95]
качество [10, 12, 13, 22, 23, 103]
такать [10, 98]
подарок [10, 12, 50, 83, 90, 95]
впервые [10, 13, 27]
объединить [10]
отечество [10]
исторический [10, 12, 28]
специальный [10, 12, 14, 28, 42, 48, 93, 97]
специально [10, 12, 14, 28, 42, 48, 93, 97]
отлично [10, 12, 28, 50, 93, 95]
дополнять [10, 12, 13, 28, 56]
повторять [10, 12, 15, 28, 67]
программа [10, 12, 28, 47, 48, 82]
подготовка [10, 12, 42, 56, 73, 81, 96]
урок [10, 12, 51, 56, 82, 103]
расширить [10, 12, 38]
кругозор [10, 12, 14, 38, 77, 78, 83]
занимательный [10, 12, 21, 38, 89]
рассказ [10, 12, 28, 101]
рассказов [10, 12, 28]
увлекательный [10, 12, 19, 21, 28, 48, 51, 73, 83, 103]
путешествие [10, 12, 43, 45, 83, 89]
канва [10, 12]
древний [10, 12]
мастер [10, 12]
владимир [10, 12]
бутромей [10, 12]
описать [10, 12]
государство [10]
российский [10]
лёгкое [10, 12, 15]
лёгкий [10, 12, 15, 38, 73]
язык [10, 12, 13, 29, 43, 45]
понравиться [10, 12, 31, 83]
плохой [11]
почерк [11]
частый [11]
часто [11]
причина [11]
низкий [11, 22]
низка [11]
обычный [11, 27]
обычно [11]
учитель [11]
занижать [11]
оценка [11]
писать [11, 30, 42, 44, 56, 87, 92, 96]
правильно [11, 16, 48, 51, 58, 84, 93]
правильный [11, 16, 48, 51, 58, 84, 93]
грязно [11]
грязный [11]
книга-тренажёр [11]
исправление [11]
решить [11]
проблема [11, 28, 46, 48, 71, 73]
пошаговый [11, 44, 71]
помощь [11, 19, 30, 66, 67, 80, 84]
тренинговый [11]
центр [11]
успешный [11, 13, 49, 67, 75]
успешно [11, 13, 49]
пройти [11, 44, 48, 76]
скорописание [11]
увеличить [11]
письмо [11, 13, 24, 27, 30, 44, 56, 68, 81, 89, 96]
домашние [11, 71, 77, 91]
уделять [11]
минута [11, 66, 70, 73, 75, 103]
минуть [11, 66, 70, 73, 75, 103]
красиво [11, 30, 44, 48]
крупный [11, 56, 76, 91]
ориентация [11]
плоскость [11]
умение [11, 25, 26, 33, 44, 46, 66, 78]
весть [11, 16, 29, 58]
вести [11, 16, 29, 58, 97]
линия [11, 25, 26, 44]
держать [11, 44]
ручка [11, 98]
сидеть [11, 62]
алгоритм [11]
написание [11, 44, 56]
буква [11, 21, 24, 30, 42, 44, 56, 89, 96]
буквально [11, 42, 44, 56]
положительный [11, 103]
тренажёр [11, 30]
комплект [12, 25, 26, 30, 33, 34, 41, 42, 48, 55, 56, 90, 96]
два [12, 14, 15, 30, 50, 75, 86, 95]
всемирный [12, 28, 94]
букварь [13, 24, 49]
н [13]
жуков [13, 27, 49]
входить [13, 15, 25, 26, 33, 34, 82, 96, 97]
розничный [13]
продажа [13]
составлять [13]
млн [13]
логопед [13, 48, 49]
стаж [13, 49]
кандидат [13, 49]
педагогический [13, 48, 49]
наука [13, 18, 49]
принадлежать [13, 49]
оригинальный [13, 49, 57, 66, 68]
исследование [13, 49, 52, 67]
поступательный [13, 49]
дошкольник [13, 49, 81, 90]
примереть [13, 49]
пример [13, 23, 49]
учебный [13, 21, 49]
выучиться [13, 49]
уж [13, 18, 20, 28, 43, 49, 55, 58, 59, 66, 82]
уже [13, 18, 20, 28, 43, 49, 55, 58, 59, 66, 82]
узкий [13, 18, 20, 28, 43, 49, 55, 58, 59, 66, 82]
тереть [13, 49, 93]
поколение [13, 20, 49, 59]
составление [13]
использовать [13, 52, 63]
опыт [13, 38]
сочетать [13, 14]
грамота [13, 81]
предупреждение [13]
ошибка [13, 51]
возникать [13, 16, 17, 58]
основать [13, 94]
традиционный [13]
подход [13, 67]
русский [13]
способ [13, 44]
осознание [13]
буквосочетание [13]
цельный [13]
графический [13, 96]
элемент [13]
слог [13, 15, 56]
единица [13]
дальнейший [13, 73]
трудно [14, 82]
трудный [14, 82]
начать [14, 24, 28, 54, 63]
разговаривать [14]
стих-болтушка [14]
стихи-болтушка [14]
диалог [14]
стихотворение [14]
договаривать [14]
отдельный [14, 74]
фраза [14, 15, 48]
договаривание [14]
жест [14]
какой-то [14]
движение [14, 96, 98]
тогда [14]
получиться [14]
сценка [14]
мини-зарядок [14]
мини-зарядка [14]
ненавязчивый [14]
стимулировать [14, 15, 54]
речевой [14]
деятельность [14, 55]
расширять [14, 28]
стих [14, 21, 23]
болтушка [14]
успех [14, 20, 35, 59, 82]
дом [14, 62, 77, 87, 96]
дома [14, 77, 96]
детский [14, 18, 84, 88]
сад [14, 62, 84, 87]
учиться [15, 42, 56, 71, 96, 98]
никогда [15]
рано [15]
месяц [15, 21, 94]
смести [15]
смелый [15]
смело [15]
сметь [15]
заставить [15]
ждать [15, 24, 76, 92]
знакомый [15, 87]
устанавливать [15]
связь [15]
произносить [15, 48]
различать [15, 21, 67, 94]
формирование [15, 23, 41, 48, 75]
пассивный [15]
словарь [15]
изображение [15, 94]
близкий [15, 90]
окружение [15]
растение [15, 31]
разделить [15, 75]
частить [15]
звукоподражание [15]
второй [15, 31, 43, 86]
оборот [15, 31]
привести [15]
рекомендовать [15, 48, 54, 83]
текст [15, 22]
потешка [15]
потёшка [15, 21]
игр-забава [15]
игра-забава [15]
гимнастика [15, 67, 97]
массаж [15]
укладывание [15]
спать [15, 22, 84]
рекомендация [15, 46]
рассказать [16, 17, 18, 19, 58]
-органый [16]
-органы [16]
-органа [16]
-орган [16]
-оргать [16]
прикрывать [16, 58]
бельё [16, 58]
потому [16, 58, 98]
некрасивый [16, 58]
постыдный [16, 58]
относиться [16, 58]
бережно [16, 58]
бережный [16, 58]
деликатно [16, 58]
деликатный [16, 19, 58]
называть [16, 31, 58, 98]
половый [16, 17, 58, 63]
половой [16, 17, 58, 63]
орган [16, 22, 58, 76]
гениталии [16, 58]
нуждаться [16, 58]
уход [16, 58]
поговорить [16, 19, 58]
вопрос [16, 17, 18, 19, 24, 47, 51, 58, 63, 74, 76, 103]
ответить [16, 19, 58]
называться [16, 58]
править [16, 58]
правило [16, 58, 82]
интимный [16, 58]
гигиена [16, 58]
почему [16, 17, 22, 52, 58, 63, 76]
ходить [16, 58]
туалет [16, 58]
общественный [16, 58]
уборная [16, 58]
уборный [16, 58]
эрекция [16, 58]
менструация [16, 58, 63]
откуда [16, 17, 58]
браться [16, 17, 58]
издательство [17, 28, 68, 73]
clever [17, 68]
забота [17, 74]
подготовить [17, 38, 56, 86, 89]
мальчик [17, 19, 27, 50, 63, 88, 95]
ребята [17]
хотеть [17, 23, 47, 52, 67, 71, 79]
тело [17, 19, 22, 47, 76]
удобный [17, 56, 93]
удобно [17, 93]
беспокоиться [17, 71]
физический [17, 19, 41, 55]
психический [17]
здоровье [17, 19, 47, 76, 83]
меняться [17, 27]
практический [17, 51, 63]
руководство [17, 63]
давать [17, 19, 82, 103]
ответ [17, 18, 24, 29, 47, 51, 58, 103]
мыслить [17, 66]
мыслимый [17]
касаться [17]
созревание [17, 63]
анатомия [17]
физиология [17, 78, 89]
предохранение [17]
беременность [17, 19]
венерический [17]
болезнь [17, 18]
болезный [17]
прыщ [17]
перепад [17]
настроение [17]
миф [17]
секс [17, 63, 74]
многий [17, 22, 23, 32, 38, 47, 51, 70, 71, 83, 90, 91, 102]
многое [17, 32, 70, 71, 83, 90, 91]
сознание [17]
захватывать [17, 68, 83, 89]
период [17, 47]
того [17, 54, 86]
друг [17, 21, 34, 56, 68, 83, 87, 92, 98]
ужасно [17]
ужасный [17]
интересно [17, 31]
товар [18]
временно [18]
временный [18]
приобрести [18, 38, 73]
артикулом- [18]
доктор [18]
медицинский [18]
ховард [18]
беннетт [18]
практиковать [18]
врач-педиатр [18, 94]
вашингтон [18]
детская [18, 88]
колонок [18]
колонка [18]
the [18]
washington [18]
post [18]
беннета [18]
беннет [18]
лечить [18]
весёлый [18, 21, 23, 31, 51, 56, 77, 80, 92, 100, 101]
страшный [18]
организм [18]
гот [18]
ь [18]
мнение [19, 54]
нужный [19, 38, 41, 77, 78, 80, 81, 86, 87, 89]
нужно [19, 38, 41, 78, 81, 86, 87, 89]
тёма [19, 38, 58, 74, 79]
тема [19, 38, 58, 74, 79]
связанный [19, 74]
связать [19, 74]
изменение [19]
различие [19]
отношение [19, 29, 46]
мама [19, 32, 50, 58, 67, 74, 87, 95, 98]
рождение [19, 27, 41, 48, 94]
усыновление [19]
неоценимый [19]
оказать [19]
младенец [19]
семья [19, 29, 32, 57]
свести [19]
минимум [19]
смущение [19]
разговор [19, 58, 63]
целить [19, 34, 47]
цель [19, 34, 47]
честный [19]
честно [19]
доступный [19, 67, 73, 99]
доступно [19, 73]
насколько [19]
роби [19]
робить [19]
робь [19]
г [19]
харрис [19]
удаться [19, 69]
вплести [19]
непростой [19]
научный [19, 52, 67]
человек [19, 22, 25, 26, 33, 45, 47, 52, 76]
необходимый [19, 38, 78, 86, 89]
сохранять [19, 47]
эмоциональный [19, 41, 46]
чудо [19]
зарождение [19]
совместный [19, 21, 86]
времяпрепровождение [19]
изучение [19, 63]
покорить [20, 35, 59]
эталон [20, 35, 59]
литература [20, 35, 59, 82]
синоним [20, 35, 59]
сделать [20, 22, 30, 35, 44, 59, 67, 84, 89, 90, 100, 103]
джоан [20]
джоана [20]
роулинг [20, 27, 34, 35, 57, 59]
роулинга [20, 27, 34, 35, 57, 59]
читаемый [20, 35, 59]
писатель [20, 35, 43, 59, 68, 82, 88, 101]
современность [20, 35, 59]
несколько [20, 59, 68]
гарри [20, 27, 34, 35, 57, 59, 102]
поттер [20, 27, 34, 35, 57, 59, 102]
философский [20, 34, 79]
камень [20, 34]
начинаться [20]
расти [21, 74]
развиваться [21, 41, 54, 55, 67]
интересоваться [21, 51]
окружающие [21, 81]
вместе [21, 98]
нашить [21, 25, 26, 28, 33, 45]
добрый [21, 23, 101]
превратить [21, 42, 89]
красочный [21, 68, 77, 91]
песенка [21]
цифра [21, 42, 56, 89, 96]
цвет [21, 31, 94, 98]
цвета [21, 31, 90, 94, 98]
сформироваться [21]
словарный [21]
запасти [21]
запас [21]
важно [21, 25, 26, 31, 33, 45, 47, 66, 67]
ранний [21, 54, 66]
интеллектуальный [21]
прочный [21]
фундамент [21, 41]
дошкольный [21, 25, 26, 33, 38, 42, 78, 79, 81, 89, 96]
захотеть [21]
расставаться [21]
долго [21]
долгий [21, 79]
окошко [22, 76, 98]
открыть [22, 41, 45, 83]
человеческий [22]
абсолютный [22, 69]
хит [22, 48]
выдержать [22]
переиздание [22, 75]
заглянуть [22]
внутрь [22]
больше [22, 28, 52, 58, 66, 84]
кость [22, 76]
костя [22, 76]
где [22, 76, 82, 102]
находиться [22, 76, 102]
желудок [22]
отвечать [22, 76]
чувство [22, 25, 26, 33, 76]
чего [22, 52]
что [22, 38, 52, 54, 78, 86, 89]
еда [22, 31, 76]
хотеться [22, 68]
особенность [22, 78, 81, 89]
створка [22, 45]
вручную [22]
многоуровневый [22]
некоторый [22]
некоторые [22]
двигаться [22, 76]
звуковой [22]
написать [22, 24, 34, 79]
специалист [22]
медик [22]
биолог [22]
методист [22, 55]
толстый [22]
толстой [22]
качественный [22]
картон [22, 94]
многие [22, 23, 38, 47, 51, 102]
сустав [22]
нога [22, 76]
озвучить [22]
барабанный [22]
перепонка [22]
остерегаться [22]
подделка [22]
книжный [22, 88]
рынок [22]
появиться [22]
аналог [22]
исполнение [22]
содержание [22, 56, 76]
вырасти [23]
отзывчивый [23]
воспитанный [23]
воспитать [23]
помощник [23, 73, 81, 86, 100]
добро [23]
зло [23]
злой [23]
страх [23, 51, 84]
храбрость [23]
вежливость [23]
внимательность [23, 67]
непременный [23, 98]
непременно [23, 98]
закрепить [23]
постоянно [24, 70]
постоянный [24, 70]
задаваться [24]
особенный [24, 66]
особенно [24, 66]
казаться [24, 47, 52, 101]
кажется [24, 47, 52]
сформировать [24, 30, 44, 96]
устойчивый [24, 30]
современный [24, 29, 30, 58, 63, 67, 78, 88, 89]
эпоха [24, 28]
интернет [24, 66]
гаджет [24]
сложить [24, 62]
наклейка [24, 30, 44, 66, 77, 80, 93]
букваёжик [24, 30, 44]
терпеться [24]
незаметно [24]
незаметный [24]
осваивать [24]
скорый [24, 48, 66]
скоро [24, 48, 66]
самостоятельно [24]
сюрприз [24]
поддержать [24]
интерес [24, 25, 26, 28, 33, 78, 103]
формироваться [25, 26, 33, 46]
личность [25, 26, 33, 41, 47]
определять [25, 26, 33]
будущее [25, 26, 33]
будущий [25, 26, 33]
общение [25, 26, 33, 47]
фактор [25, 26, 33]
поддерживать [25, 26, 33]
самооценка [25, 26, 33]
инициатива [25, 26, 33]
самостоятельность [25, 26, 33, 71]
рабочий [25, 26, 33]
тетрадь [25, 26, 33, 56, 93, 96]
фантазия [25, 26, 33, 43]
получать [25, 26, 33, 66]
смотреть [25, 26, 31, 33]
вещь [25, 26, 33]
вещий [25, 26, 33]
разный [25, 26, 28, 33, 91]
сторона [25, 26, 33, 94]
придумать [25, 26, 33, 77, 80, 82]
разнообразный [25, 26, 33, 42, 56, 90]
что-то [25, 26, 33, 47, 84]
новое [25, 26, 33, 38, 41, 47, 83, 89, 100]
составить [25, 26, 33]
чувствовать [25, 26, 33, 51]
важность [25, 26, 33, 94]
сопереживать [25, 26, 33]
желание [25, 26, 33, 79]
выполнять [25, 26, 33, 38, 48, 73, 89]
приобретать [25, 26, 33, 81]
уверенность [25, 26, 33, 84, 93]
сила [25, 26, 33, 43, 93]
тетрадка [25, 26, 33]
я [25, 26, 27, 33, 47]
рисовать [25, 26, 44, 86, 88]
вырезать [25, 26, 33, 93]
клеить [25, 26, 33, 77, 80, 93]
решение [25, 26, 33, 46, 52, 66, 71, 79]
проходить [25, 26, 33, 102, 103]
лабиринт [25, 26, 33, 97]
неузнаваемость [27]
одиннадцатый [27]
рубеусый [27]
рубеус [27]
огрид [27]
огрида [27]
гигант [27]
похожий [27]
жук [27]
глаз [27, 97]
вручать [27]
фантастический [27, 43, 100]
известие [27]
вовсе [27]
колдун [27, 102]
стоить [27, 29, 87]
стоять [27, 29, 87]
порог [27, 87]
волшебный [27, 43, 45, 76, 87]
классик [27, 82]
классика [27, 43, 82]
дж [27, 34, 35, 57, 59]
восхитительный [27]
цветной [27]
джим [27, 102]
джима [27, 102]
кея [27]
лауреат [27, 68, 102]
медаль [27]
кейт [27, 102]
гринуэй [27, 102]
завораживать [27]
оторвать [27]
верный [27, 70]
поклонник [27]
поразить [27]
глубина [27]
душа [27]
душ [27]
душить [27]
нравиться [27, 63, 93]
взгляд [27]
честь [27, 62, 102]
согласиться [27]
украсить [27]
талант [27, 92]
детей- [28]
значительный [28]
событие [28, 32, 57]
планет [28, 45]
планета [28, 45]
кругозор- [28]
реферат [28]
презентация [28]
лента [28]
начало [28, 63]
навигатор [28, 47]
дата [28]
окунуться [28]
продолжение [28]
школьников [28, 75, 100]
переиздаваться [28]
много [28, 83, 87, 103]
слушать [29, 47, 67]
сколько [29, 71, 92]
попытка [29]
нерадивый [29]
чадо [29]
надо [29]
над [29]
ответственный [29]
вооружаться [29]
психологический [29]
приёмчик [29]
разучивать [29]
сидение [29]
гречка [29]
раздражительный [29]
непослушный [29]
мешать [29, 93]
людмила [29]
петрановский [29]
отчаяться [29]
ориентироваться [29, 96]
ситуация [29, 79, 80, 101]
решать [29, 38, 42, 70]
конфликт [29, 74]
достойный [29]
достойно [29]
сохранить [29]
терпение [29]
восстановить [29]
слеза [30, 44]
слезть [30, 44]
предлагать [30]
букварь-тренажёр [30]
нуль [30]
блокнот-тренажёр [30, 51, 66, 103]
писать-стирать [30, 44]
пиши-стирать [30, 44]
печатный [30, 56]
продумать [30, 44]
система [30, 44, 66, 76]
блокнот [30, 44, 70]
мотивация [30, 66]
играть [31, 48, 93]
весело [31, 80]
провести [31, 80, 90]
выучить [31, 89]
ассоциировать [31]
реальный [31, 86]
явление [31, 38]
чёткий [31, 46]
фотография [31, 83, 91]
охватывать [31, 42]
широкий [31, 55]
спектр [31, 42]
мебель [31]
одежда [31]
обувь [31]
игрушка [31]
показывать [31, 54]
изобразить [31, 54]
съедобный [31]
несъедобный [31]
раскладывать [31]
категория [31]
просить [31]
одинаковый [31]
фигура [31]
вариант [31]
варианта [31]
лисёнок [32]
мартин [32, 68]
жить [32, 45, 68, 87, 91]
сказочный [32, 90, 100]
леса [32, 87]
лес [32, 87, 91]
папа [32, 58, 87]
сестра [32]
нора [32]
радостный [32]
грустный [32]
печаль [32]
печалить [32]
гордость [32]
удивление [32]
гнев [32]
изобретать [33]
собрание [34]
романов [34]
британский [34]
представлять [34, 73, 102]
хроник [34]
хроника [34]
волшебник [34]
рон [34]
рона [34]
уизнуть [34]
уизли [34]
уизлить [34]
гермиона [34]
грейнджер [34]
обучаться [34]
чародейство [34]
волшебство [34, 92]
хогвартс [34]
основной [34, 78, 81, 94]
основный [34, 78, 81, 94]
посвятить [34]
противостояние [34, 74]
тёмный [34]
лорд [34]
волан-де-морт [34]
чей [34]
обретение [34]
бессмертие [34]
порабощение [34]
магический [34]
включить [34, 42, 47, 67, 74]
название [34]
комната [34, 35]
узник [34, 59]
азкабан [34, 59]
кубок [34, 102]
огонь [34, 102]
орден [34]
феникс [34]
принц-полукровка [34]
дар [34]
смерть [34]
– [35, 59]
продолжаться [35, 59]
соответствие [38]
федеральный [38, 89]
государственный [38, 89]
образовательный [38, 89]
стандарт [38, 89]
образование [38, 73, 78, 81, 89]
воспитание [38, 58]
считать [38, 43, 51, 92, 98]
рисование [38, 88]
произнести [38]
английский [38]
уровень [38, 70, 100]
готовность [38, 73]
заметить [38]
проблемный [38]
зона [38]
легко [38, 73]
ликвидировать [38]
позаниматься [38]
дополнительный [38, 57]
дополнительно [38]
практик [38]
практика [38]
развить [38, 66, 67, 73, 78, 86, 89, 90, 93, 94, 96, 100]
заменить [38]
обучать [38, 77, 78, 80, 86, 89]
покупать [38, 78, 86, 89]
задумываться [38, 78, 86, 89]
должный [38, 78, 82, 86, 89, 98]
учить [38, 47, 68, 78, 86, 89, 92]
собрать [38, 63, 78, 86, 89, 93, 103]
оба [39]
поделка [39, 90]
подача [39]
материал [39, 55, 57, 76, 83]
увлекать [39]
творчество [39, 82, 90]
воображение [39, 73, 77, 80, 81, 86, 96]
пространственный [39]
образ [39, 56, 102]
повышаться [39, 70]
мозговой [39]
активность [39]
грудной [41]
стремительно [41]
стремительный [41]
психика [41]
сфера [41, 46]
семь [41, 55, 79]
гном [41, 55]
четыре [42, 94]
тетрадей-тренажёр [42]
комплексный [42]
подобрать [42, 93]
весить [42, 78]
следующий [42]
следовать [42, 82]
тетради-тренажёр [42]
готовить [42, 56, 71]
примеры-обучение [42]
азам [42]
аза [42]
аз [42]
азы [42]
математика [42, 51, 73, 81]
математик [42, 73, 81]
буквы-изучение [42]
клеточкам-изучение [42]
михаэль [43]
энд [43]
наиболее [43, 79]
немецкий [43]
втора [43, 86]
половина [43]
хх [43]
давно [43]
сталь [43]
нет [43, 79, 82]
перевести [43]
издать [43]
миллион [43]
повествовать [43]
одиннадцатилетний [43]
бастиан [43]
бастиана [43]
бальтазар [43]
букс [43]
букса [43]
страна [43, 51, 88]
толстяк [43]
класс [43, 51]
слабак [43]
обожать [43, 98]
случайно [43]
случайный [43]
оказаться [43, 62, 99]
букинист [43]
увидеть [43]
старинный [43]
переплёт [43, 83, 93]
устоять [43]
силой [43]
исходящий [43]
исходящая [43]
исходить [43]
фолиант [43]
украсть [43]
забраться [43]
чердак [43]
приняться [43]
смог [43]
оторваться [43]
превратиться [43]
путь [44, 45, 62]
пойти [44]
пишущий [44]
инструмент [44]
короткий [44, 58]
целый [44]
целое [44]
земля [45]
населять [45]
флор [45]
флора [45]
фауна [45]
звучать [45]
привет [45]
клондайка [45]
клондайк [45]
очертание [45]
город [45]
напоминать [45]
самолёт [45]
длинный [45]
прерывный [45]
поезд [45]
кратер [45]
нгоронгоро [45]
нгоронгорый [45]
европа [45]
азия [45]
америка [45]
африка [45]
австралия [45]
океания [45]
антарктика [45]
памятник [45]
древность [45]
архитектурный [45]
сооружение [45]
потрясать [45]
вид [45, 55]
страница [45, 56, 83, 89, 90, 93]
предназначить [45, 93, 96]
счастливый [46]
подробно [46]
рассказывать [46, 88, 98]
социальный [46]
думать [46]
принимать [46, 66]
осмыслить [46]
осмысленный [46]
справляться [46, 47]
конкретный [46, 79]
сбалансировать [46]
воспитательный [46, 74]
долгожданный [46]
счастие [46, 79]
родительство [46, 79]
взросление [47]
ум [47, 51]
хватать [47]
детство [47, 82, 88]
обсуждать [47]
рановато [47]
поздно [47]
сепарация [47]
иногда [47]
оставаться [47, 91]
формировать [47]
мыть [47]
ценность [47]
призвание [47]
ставить [47]
эмоция [47, 66, 103]
общаться [47]
дружить [47]
услышать [47]
жизненный [47]
организованный [47]
организовать [47, 86]
доклад [47]
придумывать [47]
работать [47, 66, 82, 93]
команда [47]
распоряжаться [47, 71]
личной [47]
личный [47]
бюджет [47]
инфографик [47]
инфографика [47]
подрастать [47]
умница [48]
заговорить [48]
логопедический [48]
требоваться [48]
рассчитать [48, 66]
длительный [48]
срок [48, 67, 103]
идеальный [48]
этап [48, 56, 67]
гуление [48]
лепет [48]
словосочетание [48]
предложение [48]
рассматривать [48, 76, 98]
надежда [49, 69]
альбом [50, 95]
малютка [50, 95]
твёрдый [50, 83, 95]
универсальный [50, 95]
альбомчик [50, 95]
подходить [50, 69, 95]
идти [50, 84, 95]
упаковка [50, 95]
дизайнерский [50, 95]
открытка [50, 95]
новорождённый [50, 94, 95]
убрать [51]
начальный [51]
калькулятор [51]
скоросчёт [51]
сложение [51]
вычитание [51]
уверенно [51]
уверенный [51]
безошибочно [51]
безошибочный [51]
складывать [51]
вычитать [51]
сегодняшний [51]
счёт [51]
избежать [51, 73]
распространить [51, 71]
устный [51]
обманывать [52]
договориться [52]
область [52]
нейрофизиология [52]
разобраться [52]
понять [52, 79, 82, 91, 92]
поведение [52, 55]
мотив [52]
взаимодействовать [52]
избавиться [52]
противоречие [52]
домысел [52]
предназначение [52]
достигнуть [52]
глен [54]
глена [54]
домана [54, 94]
зависимость [54]
секунда [54]
доман [54]
советовать [54]
подобный [54, 103]
опережать [54]
различный [54, 81, 100]
отдел [54]
гораздо [54, 102]
горазд [54, 102]
двухлетний [55]
неутомимый [55]
исследователь [55]
освоить [55, 93]
проявлять [55]
характер [55]
шире [55]
потребность [55, 78, 89]
изменяться [55]
продолжать [55]
совершенствоваться [55]
восприятие [55, 83]
наглядно-действенный [55]
разрабатывать [55]
войти [55]
третий [55, 78]
третье [55, 78]
опытный [55, 86]
позаботиться [55]
всесторонний [55]
всесторонне [55]
пропись [56, 96]
поэтапный [56]
тетрадь-тренажёр [56]
содержать [56, 82]
постановка [56, 57]
небольшой [56, 103]
размер [56]
мягкий [56]
чёрно-белый [56, 94]
плавно [56]
плавный [56]
переводить [56]
письменный [56]
внести [56]
разнообразие [56]
чистописание [56]
брать [56]
прогулка [56]
представить [56, 73, 81, 91]
готовиться [56]
алфавит [56]
пьеса [57]
джек [57]
торный [57]
торн [57]
проклятый [57]
проклясть [57]
дитя [57]
тиффани [57]
тиффаня [57]
восьмой [57]
официальный [57]
сценический [57]
версия [57]
сценарий [57]
финальный [57, 102]
генеалогический [57]
древо [57]
хронология [57]
беседа [57]
уверить [58]
сексуальный [58]
'откуд [58]
'откуда [58]
поллюция [58]
сильно [58]
удивляться [58]
обнаруживать [58]
немного [58, 92]
допустить [58]
отказываться [58]
азкабана [59]
мистер [62]
миссис [62]
браун [62]
обнаружить [62]
лондонский [62]
вокзал [62]
паддингтон [62]
одинокий [62]
медвежонок [62]
прибыть [62]
дремучий [62]
перо [62]
перу [62]
окрестить [62]
косолапый [62]
приютить [62]
виндзорский [62]
той [62]
пора [62, 88]
начаться [62, 68]
какать [62]
проделать [62]
океан [62, 91]
лапа [62]
столько [62]
знаете [63]
волновать [63]
дочь [63]
зачастую [63]
сложно [63]
сто [63, 82]
выдумать [63]
болеть [63]
грудь [63]
мишель [63]
хоуп [63]
хоупой [63]
адаптированный [63]
адаптировать [63]
возрасти [63, 75]
достоверный [63]
взрослеть [63]
комплекс [63]
передать [63]
подсказка [63]
откровенный [63]
зачем [66]
критический [66]
объективно [66]
объективный [66]
подвергать [66]
сомнение [66]
вера [66]
сейчас [66]
непроверенный [66]
данные [66]
тенденция [66]
усиливаться [66]
днём [66]
меря [66, 73, 81]
мера [66, 73, 81]
база [66]
баз [66]
соотносить [66]
отличать [66]
ложь [66]
правда [66]
критически [66]
умный [67, 98]
закладываться [67]
упустить [67]
грамотный [67]
грамотно [67]
научно [67]
обоснованный [67]
обосновать [67]
соответствовать [67, 83, 89]
дана [67]
дан [67]
труд [67]
доходчиво [67]
доходчивый [67]
осознанный [67, 98]
осознанно [67]
звук [67]
пальчиковый [67, 86]
зрение [67, 94, 97]
усидчивость [67, 83, 93]
эффективность [67]
повышать [67]
аудиозапись [67]
вырастить [67]
развитой [67]
развитый [67]
c [68]
дарить [68]
дарита [68]
прекрасный [68, 87, 88, 98]
находчивость [68]
митчо [68]
себастиан [68]
сульбь [68]
сульбя [68]
выловить [68]
море [68, 91]
мора [68]
мор [68]
бутылка [68]
бывший [68]
бургомистр [68]
таинственно [68]
пропасть [68, 80, 103]
назад [68]
найтись [68, 87]
странный [68]
косточка [68]
предстоять [68]
отправиться [68]
поиск [68]
столкнуться [68]
жестокий [68]
пират [68]
жуткий [68]
морской [68, 91]
дракон [68]
преодолеть [68, 84]
чернильный [68]
якоб [68]
стрида [68]
стрид [68]
датский [68]
художник [68, 88]
премия [68, 102]
число [68]
культурный [68]
кронпринц [68]
кронпринцесса [68]
дания [68]
даний [68]
фредерика [68]
фредерик [68]
мэри [68]
отличаться [68, 98]
тонкий [68, 88]
юмор [68, 79]
детальный [68]
разглядывать [68]
снова [68]
спортивный [69]
фестиваль [69]
академия [69]
юэй [69]
вот-вот [69]
определить [69]
победитель [69]
номер [69]
взрываться [69]
повод [69]
бакуго [69]
бакугий [69]
невозмутимый [69]
тодорока [69]
тодорок [69]
способный [69]
мгновение [69]
ока [69]
око [69]
заморозить [69]
поджарить [69]
округа [69]
округ [69]
мидория [69]
мидорий [69]
подняться [69]
пьедестал [69]
оправдать [69]
возложить [69]
первогодок [69]
невероятно [69]
победа [69]
достаться [69]
ежедневно [70]
ежедневный [70]
штурмовать [70]
продолжительность [70]
тренировка [70, 75, 93, 103]
смекалка [70]
последовательность [70]
сравнение [70]
сложность [70, 100]
полюбить [71]
учёба [71]
просиживать [71]
компьютер [71]
план [71, 91]
метода [71]
метод [71]
тест [71]
почувствовать [71, 93]
вооружённый [71]
вооружить [71]
трудность [71]
замотивировать [71]
привить [71, 78]
ответственность [71]
элитный [73]
ломоносовский [73]
эксмо [73]
годовой [73, 78, 81]
курс [73, 78, 81, 89]
графомоторный [73]
проверить [73]
усложнение [73, 81, 93]
незаменимый [73, 81, 86]
акцент [74]
сын [74]
поддержка [74, 97]
независимость [74]
уделить [74]
пристальный [74]
отдельно [74]
уберечь [74]
подросток [74]
обеспечить [74]
мужской [74]
переработать [75]
усовершенствовать [75]
точечный [75]
проработка [75]
психолог-педагог [75]
phd [75]
основатель [75]
книга-тренинг [75]
улучшение [75, 97]
повыситься [75]
твой [76]
кровь [76]
красная [76]
сон [76]
далеко [76]
далёкий [76]
скрывать [76]
спрятать [76]
створочка [76]
течение [76]
проверка [76]
мышца [76]
костить [76]
пищеварительный [76]
головной [76]
кожа [76]
контрольный [76]
вкладышами-наклейка [77, 80]
вкладыш-наклейка [77, 80]
простор [77, 80]
фоновый [77]
фон [77]
поль [77]
пола [77]
поле [77]
поля [77]
пол [77]
пруд [77]
-на [77]
огород [77]
загородный [77]
картина [77]
хозяйство [77]
стих-загадка [77]
стихов-загадка [77]
приклеивать [77]
проводить [77]
польза [77, 80, 90]
разработка [78, 89, 94]
учесть [78, 81, 89]
психология [78, 89]
опираться [78, 89]
последний [78, 89]
достижение [78, 89]
педагогика [78, 89]
возрастной [78, 81, 89]
• [78]
объесть [78]
объём [78, 83]
основное [78, 81]
направление [78, 81]
познавательный [78]
структурный [78]
родительский [79]
случай [79]
немаловажный [79]
спасение [79]
твориться [79]
исправить [79]
нравоучение [79]
опасный [80, 87]
произойти [80]
спасатель [80]
потушить [80]
пожар [80]
вытащить [80]
машин [80]
машина [80]
пропасти [80]
предотвратить [80]
кораблекрушение [80]
спасательный [80]
знакомство [81]
классный [82]
там [82]
героиня [82]
повесть [82]
повестить [82]
повести [82]
уметь [82]
обстоятельство [82]
обретать [82]
произведение [82]
внеклассный [82]
вступительный [82]
статья [82]
подготовиться [82]
знакомить [82, 91]
вдохновлять [82]
представление [82]
литературный [82]
наследие [82]
классики [82]
оставить [82]
совет [83, 84]
тм [83]
умка [83]
фгос [83]
тщательный [83]
тщательно [83]
прорисовать [83]
диплом [83]
девчонка [83]
мода [83]
способствовать [83, 86]
расширение [83]
визуальный [83]
стр [83]
мелованный [83]
чего-то [84]
бояться [84]
темнота [84]
высота [84]
победить [84]
мудрый [84]
подсказать [84]
страхов [84]
смелость [84]
содействие [86]
ориентировать [86]
ладошка [86]
пальчик [86, 96, 98]
совместно [86]
театр [86]
досуг [86]
долина [87]
зелёный [87, 94]
луга [87]
луг [87]
выкрасить [87]
голубой [87]
голуба [87]
краска [87]
семейство [87]
муми-троллей [87]
муми-тролль [87]
муми-мама [87]
муми-папа [87]
объявиться [87]
компания [87]
место [87]
непонятный [87]
стихийный [87]
бедствие [87]
шляпа [87]
муравьиный [87]
лев [87]
снорк [87]
снорка [87]
снифф [87]
снусмумрик [87]
размышлять [87]
нужность [87]
ненужность [87]
сущий [87]
искать [87]
сокровище [87]
ожидать [87]
упасть [87]
комета [87]
случиться [87]
наводнение [87]
бурить [87]
буря [87]
остаться [87, 92]
веранда [87]
выпить [87]
чашечка [87]
кофе [87]
полакомиться [87]
печение [87]
печенье [87]
торт [87]
испечь [87]
уладить [87]
вовремя [87]
вернуться [87, 88]
домой [87]
домыть [87]
итальянский [88]
джанни [88]
родарить [88]
родарь [88]
родари [88]
мальчик-луковка [88]
мальчика-луковка [88]
фруктово-овощной [88]
персонаж [88, 90, 100]
кавалер [88]
помидор [88]
графиня [88]
вишня [88]
кум [88]
кума [88]
тыква [88]
перевод [88]
злата [88]
потапов [88]
ироничный [88]
вадима [88]
вадим [88]
челака [88]
челак [88]
дедушка [88]
вступить [88]
чиполлин [88]
чиполлиный [88]
чиполлино [88]
повезти [88]
признать [88]
признанный [88]
мэтр [88]
сутеев [88]
л [88]
владимирский [88]
е [88]
галя [88]
галея [88]
галей [88]
мигунов [88]
чижиков [88]
чижик [88]
м [88]
митрофанов [88]
митрофан [88]
рисунок [88]
соперничать [88]
равный [88]
прозрачный [88]
акварельный [88]
воздушность [88]
привлекательный [88]
порыть [88]
порою [88]
уморительный [88]
распознавать [89]
сопоставлять [89]
забавный [89, 92]
аппликация [89]
маска [89]
пять [90]
художественный [90, 102]
простимулировать [90]
содержаться [90]
изготовление [90]
цветок [90, 94]
близкие [90]
книга-альбом [91]
любимец [91]
полярный [91]
лёд [91]
высокогорье [91]
пустынь [91]
пустыня [91]
саванна [91]
северный [91]
тропический [91]
изумительный [91]
сюжетный [91]
всевозможный [91]
зверь [91]
птица [91]
амфибия [91]
рептилия [91]
рыба [91]
насекомое [91]
экзотический [91]
коралловый [91]
полип [91]
звезда [91]
любопытный [91]
соседство [91]
настать [92]
соня [92]
грушин [92]
прозвище [92]
хвостик [92]
первоклашка [92]
сначала [92]
было [92]
опасение [92]
след [92]
открывать [92, 98, 99]
происшествие [92]
сами [92]
сыпаться [92]
рюкзак [92]
четвёртый [92, 102]
вовка [92]
безопасный [93]
безопасно [93]
ножницы [93]
наклеивать [93]
точно [93]
точный [93]
аккуратно [93]
аккуратный [93]
концентрироваться [93]
постепенный [93]
вырезание [93]
лист [93, 96]
заламинировать [93]
заламинированный [93]
многоразовый [93, 97]
напечатать [93]
иметь [93]
пружина [93]
разлететься [93]
выполнение [93]
использование [94]
минимальный [94, 103]
рубеж [94]
стимуляция [94]
чёрный [94, 102]
остальной [94]
воспринимать [94]
оттенок [94]
серый [94]
примерно [94]
примерный [94]
жёлтый [94]
затем [94]
синий [94]
двусторонний [94]
раскладываться [94]
гармошка [94]
изготовить [94]
закруглить [94]
уголок [94]
безопасность [94]
врач-физиотерапевт [94]
врача-физиотерапевт [94]
глённый [94]
гленный [94]
гленна [94]
японский [94]
профессор [94]
макото [94]
шичида [94]
шичид [94]
шичиды [94]
всемирно [94]
врача-педиатр [94]
сара [94]
брюэр [94]
неоднократный [94]
неоднократно [94]
подчёркивать [94]
среда [94]
зрительный [94, 97]
математический [96]
зарядка [96]
клеточка [96]
поиграть [96]
координация [96]
линейка [96]
ведущий [97]
офтальмолог [97]
профилактика [97]
утомляемость [97]
коррекция [97]
восстановление [97]
разгрузка [97]
стереограмма [97]
полихроматический [97]
оптический [97]
иллюзия [97]
ленивый [97]
путаница [97]
лишний [97]
соединить [97]
точка [97]
отличие [97]
др [97]
наверняка [98]
манипулировать [98]
объект [98]
крошечный [98]
совершать [98]
целенаправленный [98]
осознать [98]
импульс [98]
момент [98, 102]
тони [98]
тонуть [98]
тоня [98]
вульф [98]
ясно [98]
ясный [98]
трогательный [99]
говорящий [99]
лабрадор [99]
мани [99]
маня [99]
манить [99]
настоящее [99, 101]
финансовый [99]
гений [99]
деньга [99]
простые- [100]
робот [100]
заинтересовать [100]
склонность [100]
параллельно [100]
параллельный [100]
когнитивный [100]
искренний [101]
непосредственный [101]
николай [101]
носов [101]
заняться [101]
казалось [101]
совершенно [101]
совершенный [101]
обыденный [101]
превращаться [101, 103]
сопровождаться [101]
иван [101]
семёнов [101]
смертный [102]
знак [102]
загореться [102]
матч [102]
квидиш [102]
неотступно [102]
неотступный [102]
преследовать [102]
выбрать [102]
хогварц [102]
защищать [102]
легендарный [102]
тремудр [102]
тремудрый [102]
тремудром [102]
турнир [102]
вызов [102]
выдаваться [102]
выдающийся [102]
кровожадный [102]
венгерский [102]
венгерское [102]
хвосторогий [102]
хвосторог [102]
соревнование [102]
прелюдия [102]
зловещий [102]
туман [102]
деревушка [102]
малый [102]
висельтон [102]
могила [102]
предок [102]
реддля [102]
реддлить [102]
сталкиваться [102]
магия [102]
неподражаемый [102]
мастерство [102]
кей [102]
шизоглазый [102]
шизоглаз [102]
шизоглаза [102]
хмурь [102]
виктор [102]
крум [102]
рита [102]
вритер [102]
вритёр [102]
вритереть [102]
бэльстэк [102]
дурмштранг [102]
сражаться [102]
приз [102]
грандиозный [102]
иллюстрировать [102]
столь [102]
задавать [103]
немой [103]
нем [103]
очевидный [103]
промежуток [103]
достаточный [103]
достаточно [103]
утомлять [103]
урка [103]
недолгий [103]
естественный [103]
естественно [103]
масса [103]
